<?xml version="1.0"?>
<opencv_storage>
<calibration_Time>"Mon Mar  7 13:35:31 2016"</calibration_Time>
<nrOfFrames>25</nrOfFrames>
<image_Width>640</image_Width>
<image_Height>480</image_Height>
<board_Width>8</board_Width>
<board_Height>6</board_Height>
<square_Size>2.5000000000000000e+00</square_Size>
<FixAspectRatio>1.</FixAspectRatio>
<!-- flags:  +fix_aspectRatio +fix_principal_point +zero_tangent_dist -->
<flagValue>14</flagValue>
<Camera_Matrix type_id="opencv-matrix">
  <rows>3</rows>
  <cols>3</cols>
  <dt>d</dt>
  <data>
    5.8280394574794718e+02 0. 3.1950000000000000e+02 0.
    5.8280394574794718e+02 2.3950000000000000e+02 0. 0. 1.</data></Camera_Matrix>
<Distortion_Coefficients type_id="opencv-matrix">
  <rows>5</rows>
  <cols>1</cols>
  <dt>d</dt>
  <data>
    -1.1907636947904976e-01 -1.0182731171672556e-01 0. 0.
    1.7103486347679338e+00</data></Distortion_Coefficients>
<Avg_Reprojection_Error>3.1291713179293384e-01</Avg_Reprojection_Error>
<Per_View_Reprojection_Errors type_id="opencv-matrix">
  <rows>25</rows>
  <cols>1</cols>
  <dt>f</dt>
  <data>
    2.61093587e-01 2.71086901e-01 2.67290056e-01 2.78600872e-01
    3.65554154e-01 3.02316010e-01 2.51198888e-01 3.62153798e-01
    2.55015224e-01 3.25419754e-01 2.95767725e-01 2.78952539e-01
    3.39790940e-01 3.88727844e-01 4.44417357e-01 4.11105871e-01
    2.42328227e-01 2.54620850e-01 2.31018394e-01 2.75966138e-01
    3.15753728e-01 3.70979995e-01 3.41288507e-01 2.42384985e-01
    3.20912004e-01</data></Per_View_Reprojection_Errors>
<!-- a set of 6-tuples (rotation vector + translation vector) for each view -->
<Extrinsic_Parameters type_id="opencv-matrix">
  <rows>25</rows>
  <cols>6</cols>
  <dt>d</dt>
  <data>
    -2.1560648356328738e-01 -6.9000035164034648e-02
    -2.7600990420084105e-02 -5.5179799017754210e+00
    -6.3322406600044232e+00 3.5682034964798852e+01
    -2.2042741315546524e-01 -4.9344466427797121e-02
    -1.6234110942056970e-02 -5.1910294019259871e+00
    -6.5018851342383792e+00 3.6426631515542311e+01
    -2.3529400257329894e-01 -3.8496222329835246e-02
    -1.7093624173285152e-02 -5.1383917896442082e+00
    -6.5563942812586387e+00 3.6786656531587944e+01
    -1.9257979988708027e-01 -3.5048177097195099e-02
    1.6252063477034686e-03 -4.9260897559000361e+00
    -7.1857894217663443e+00 3.6192255399122736e+01
    -1.6195404073824335e-01 -5.8573971939269338e-02
    -2.3797036898146984e-02 -5.8698063887095309e+00
    -6.6385148178084474e+00 3.5235063698730499e+01
    -1.3948590430277852e-01 -8.8761566747339371e-02
    -5.0611166977852153e-02 -6.6805014355187593e+00
    -5.8588862364933938e+00 3.4449563262105855e+01
    -1.8135393121684565e-01 -8.7024678174928052e-02
    -6.4637736005215246e-02 -6.9999318404843471e+00
    -5.0469618635377600e+00 3.5508698985500985e+01
    -1.9098982384251947e-01 -7.2063143255366405e-02
    -4.8281708029038792e-02 -6.5667428554049305e+00
    -5.3227293753418143e+00 3.5760921537721117e+01
    -1.4413647448940076e-01 -5.5779790732151703e-02
    -2.6907596912290360e-02 -5.9363338745709342e+00
    -5.8601365793020141e+00 3.5379196741248471e+01
    -1.2234695077611724e-01 -2.7124290870227673e-02
    -5.2565565480409991e-02 -5.7451558803820539e+00
    -5.6503178790508723e+00 3.5577251948528783e+01
    -8.3358384924312828e-02 -2.1542733584261221e-03
    -1.0361038456213049e-01 -6.0963779111475835e+00
    -5.4057203883672953e+00 3.5594456051401131e+01
    -8.0223149202155106e-02 -9.4110319666065295e-03
    -1.3310378648642371e-01 -6.3726765997803669e+00
    -5.1062755752814848e+00 3.5592759543826610e+01
    -7.2108736522068159e-02 1.5754292223480716e-02
    -1.7953820278091293e-01 -6.7071350620280663e+00
    -5.0897362230832810e+00 3.6269082595581622e+01
    -7.1181080036260905e-02 7.4176032856442378e-02
    -3.1436845930747020e-01 -7.9843749765296614e+00
    -3.9575835760263556e+00 3.7958551834359248e+01
    -8.2323254923116387e-02 6.5066118148273150e-02
    -3.7448691486266916e-01 -8.4443730586514185e+00
    -3.6287133222018468e+00 3.8203460800012941e+01
    -1.3950078226125484e-01 6.4617566280736866e-02
    -4.7451482310669030e-01 -9.0583393442742448e+00
    -2.7904012496869450e+00 3.8626169992342930e+01
    -1.7348993729240964e-01 5.0613112387077559e-02
    -5.6115055831208194e-01 -9.1944675815516757e+00
    -1.5842906254026388e+00 3.8464024328099200e+01
    -1.9622625754874246e-01 5.7473298735781560e-02
    -6.1885787641315981e-01 -9.4431963221952149e+00
    -8.2161534749034804e-01 3.9115466477684500e+01
    -1.5647120150163346e-01 8.7440748871177490e-02
    -6.6655095346981019e-01 -9.9241411624655207e+00
    -1.0147515344124794e-01 4.1035615328110154e+01
    -1.5056294057745989e-01 8.4398252608380034e-02
    -7.3598115749285109e-01 -9.8239780145602165e+00
    9.7412499484583348e-01 4.1877587399169464e+01
    -1.6983685663584400e-01 6.1047176298638491e-02
    -7.9078971074503723e-01 -9.6304983805788495e+00
    1.7779918259692327e+00 4.2111651575523041e+01
    -1.7913424772144290e-01 6.3274230352503222e-02
    -7.9966678872636965e-01 -9.7044791067454383e+00
    1.7368493763082655e+00 4.2615224840963457e+01
    -1.7816557678514550e-01 5.7308076907866289e-02
    -8.2075211590006913e-01 -9.6407760384687204e+00
    1.7502501044167706e+00 4.2983410823515079e+01
    -1.7776980181409391e-01 5.0190677992257487e-02
    -8.5410273149189275e-01 -9.4534543546110434e+00
    2.2111381104383874e+00 4.3270848708988233e+01
    -1.7275340416297036e-01 5.6260015145626042e-02
    -8.7853719275984155e-01 -9.4435599550039608e+00
    2.5546231166005109e+00 4.3920624648082473e+01</data></Extrinsic_Parameters>
